000111000
001000100
010000010
010000010
010000010
001000100
000111000
000100000
001100000
010100000
000100000
000100000
000100000
011111000
001111100
010000010
000000010
001111100
010000000
010000000
011111110
001111100
010000010
000000010
001111100
000000010
010000010
001111100
010000000
010000100
010000100
010000100
011111110
000000100
000000100
011111110
010000000
010000000
011111100
000000010
010000010
001111100
001111100
010000010
010000000
011111100
010000010
010000010
001111100
011111110
010000100
000001000
000010000
000100000
000100000
000100000
001111100
010000010
010000010
001111100
010000010
010000010
001111100
001111100
010000010
010000010
001111110
000000010
010000010
001111100
